GA_karate_Q=[0.41979 0.41979 0.41979 0.41979 0.41979 0.41979 0.41979 0.41979 0.41979 0.41979 0.41979 0.41979 0.41979 0.41979 0.41979 0.41979 0.41979 0.41979 0.41979 0.41979 0.41979 0.41979 0.41979 0.41979 0.41979 0.41979 0.41979 0.41979 0.41979 0.41979];
GA_karate_NMI=[0.68726 0.68726 0.68726 0.68726 0.68726 0.68726 0.68726 0.68726 0.68726 0.68726 0.68726 0.68726 0.68726 0.68726 0.68726 0.68726 0.68726 0.68726 0.68726 0.68726 0.68726 0.68726 0.68726 0.68726 0.68726 0.68726 0.68726 0.68726 0.68726 0.68726];
GA_karate_t=0.198679;
kqmax=max(GA_karate_Q);
kqavg=mean(GA_karate_Q);
knmimax=max(GA_karate_NMI);
knmiavg=mean(GA_karate_NMI);

GA_dol_Q=[0.5285195	0.5285195	0.5285195	0.5277283	0.5285195	0.5277283	0.5285195	0.5273724	0.5277283	0.5276096	0.5285195	0.5277283	0.5285195	0.5285195	0.5277283	0.5285195	0.5267988	0.5277283	0.5277283	0.5285195	0.5277283	0.5277283	0.5285195	0.5285195	0.5285195	0.5277283	0.5277283	0.5277283	0.5277283	0.5277283];
GA_dol_NMI=[0.5864663	0.5864663	0.5864663	0.5932109	0.5864663	0.5932109	0.5864663	0.5864663	0.5932109	0.5880272	0.5864663	0.5932109	0.5864663	0.5864663	0.5932109	0.5864663	0.5714557	0.5932109	0.5932109	0.5864663	0.5932109	0.5932109	0.5864663	0.5864663	0.5864663	0.5932109	0.5932109	0.5932109	0.5932109	0.5932109];
GA_dol_t= 2.386804 ;
dqmax=max(GA_dol_Q);
dqavg=mean(GA_dol_Q);
dnmimax=max(GA_dol_NMI);
dnmiavg=mean(GA_dol_NMI);


GA_fot_NMI=[0.8265625	0.8201082	0.7908852	0.8072324	0.8443190	0.8346740	0.8022228	0.7991419	0.8396753	0.8141003	0.7808641	0.8383472	0.7995828	0.8102015	0.8221129	0.7966501	0.8603196	0.8069251	0.8407035	0.8655469	0.8316247	0.8480967	0.7720272	0.8491203	0.8444545	0.8204285	0.8061693	0.8041428	0.8417763	0.8644305];
GA_fot_Q=[0.5831562	0.5927724	0.5890494	0.5841581	0.5825880	0.5836378	0.5836232	0.5832999	0.5854434	0.5662255	0.5925782	0.5816858	0.5876935	0.5822154	0.5856298	0.5688308	0.5829965	0.5847316	0.5757740	0.5928536	0.5850416	0.5924903	0.5744806	0.5821356	0.5730848	0.5785669	0.5852479	0.5840650	0.5723037	0.5913726];
GA_fot_t= 4.927628 ;
fqmax=max(GA_fot_Q);
fqavg=mean(GA_fot_Q);
fnmimax=max(GA_fot_NMI);
fnmiavg=mean(GA_fot_NMI);


GA_SFI_Q=[0.7505875	0.7505875	0.7505875	0.7505875	0.7505875	0.7505875	0.7505875	0.7505875	0.7505875	0.7505875	0.7505875	0.7505875	0.7505875	0.7505875	0.7505875	0.7505875	0.7505875	0.7505875	0.7505875	0.7486500	0.7505875	0.7505875	0.7505875	0.7505875	0.7505875	0.7505875	0.7505875	0.7505875	0.7505875	0.7493375];
GA_SFI_t=6.853579;
sqmax=max(GA_SFI_Q);
sqavg=mean(GA_SFI_Q);


GA_email_Q=[0.3539236	0.3421137	0.3622301	0.3533390	0.3476196	0.3399994	0.3556799	0.3501199	0.3547666	0.3378924	0.3403362	0.3365565	0.3440247	0.3575718	0.3526204	0.3612039	0.3537671	0.3544755	0.3588063	0.3455996	0.3500938	0.3646509	0.3432809	0.3424579	0.3498256	0.3456312	0.3501711	0.3481307	0.3435897	0.3591408];
GA_email_t=310.147804;
eqmax=max(GA_email_Q);
eqavg=mean(GA_email_Q);

GA_netsci_Q=[0.8961251	0.9014729	0.8971119	0.8999057	0.9008420	0.9009182	0.8984595	0.9020458	0.9040232	0.9036432	0.9032806	0.9002627	0.8955424	0.9041826	0.9060400	0.8929831	0.9023420	0.8971817	0.9085613	0.8934367	0.9043706	0.9012137	0.9058787	0.9014293	0.9002755	0.9024999	0.8958861	0.8976907	0.8970896	0.8955478];
GA_netsci_t=199.660992;
nqmax=max(GA_netsci_Q);
nqavg=mean(GA_netsci_Q);

GA_power_Q=[0.7160580	0.7112109	0.7121375	0.7144167	0.7093931	0.7130511	0.7093301	0.7116113	0.7128913	0.7147435	0.7106594	0.7112324	0.7129649	0.7160435	0.7143316	0.7130317	0.7103056	0.7108359 0.7160580	0.7112109	0.7121375	0.7144167	0.7093931	0.7130511	0.7093301	0.7116113	0.7128913	0.7147435	0.7106594	0.711232];
GA_power_t=3448.528276;
pqmax=max(GA_power_Q);
pqavg=mean(GA_power_Q);

%%%%% maxgen 
GA_pgp_Q=[0.657566 0.657123 0.6653 0.643216 0.633731 0.642425 0.656566 0.657566 0.656766 0.657566 0.657566 0.641518 0.644749 0.632313 0.640401 0.657566 0.657123 0.630728 0.643216 0.633731 0.642425 0.656566 0.657566 0.656766 0.657566 0.657566 0.641518 0.644749 0.632313 0.640401];
GA_pgp_t=37797.9229;
pgpqmax=max(GA_pgp_Q);
pgpqavg=mean(GA_pgp_Q);


%%%%% k=4
Ncut_karate_Q=[0.4197896	0.4197896	0.4197896	0.4197896	0.4197896	0.4197896	0.4197896	0.4197896	0.4197896	0.4197896	0.4197896	0.4197896	0.4197896	0.4197896	0.4197896	0.4197896	0.4197896	0.4197896	0.4197896	0.4197896	0.4197896	0.4197896	0.4197896	0.4197896	0.4197896	0.4197896	0.4197896	0.4197896	0.4197896	0.4197896];
Ncut_karate_NMI=[0.6872629	0.6872629	0.6872629	0.6872629	0.6872629	0.6872629	0.6872629	0.6872629	0.6872629	0.6872629	0.6872629	0.6872629	0.6872629	0.6872629	0.6872629	0.6872629	0.6872629	0.6872629	0.6872629	0.6872629	0.6872629	0.6872629	0.6872629	0.6872629	0.6872629	0.6872629	0.6872629	0.6872629	0.6872629	0.6872629];
Ncut_karate_t=0.004209;
Ncut_kQmax=max(Ncut_karate_Q);
Ncut_kQavg=mean(Ncut_karate_Q);
Ncut_knmimax=max(Ncut_karate_NMI);
Ncut_knmiavg=mean(Ncut_karate_NMI);

%%%%% k=2
Ncut_karate_Q=[0.3599606	0.3599606	0.3599606	0.3599606	0.3599606	0.3599606	0.3599606	0.3599606	0.3599606	0.3599606	0.3599606	0.3599606	0.3599606	0.3599606	0.3599606	0.3599606	0.3599606	0.3599606	0.3599606	0.3599606	0.3599606	0.3599606	0.3599606	0.3599606	0.3599606	0.3599606	0.3599606	0.3599606	0.3599606	0.3599606];
Ncut_karate_NMI=[0.8364981	0.8364981	0.8364981	0.8364981	0.8364981	0.8364981	0.8364981	0.8364981	0.8364981	0.8364981	0.8364981	0.8364981	0.8364981	0.8364981	0.8364981	0.8364981	0.8364981	0.8364981	0.8364981	0.8364981	0.8364981	0.8364981	0.8364981	0.8364981	0.8364981	0.8364981	0.8364981	0.8364981	0.8364981	0.8364981];
Ncut_karate_t=0.003517;

%%%%% k=2
Ncut_dol_Q=[0.3787034	0.3787034	0.3787034	0.3787034	0.3787034	0.3787034	0.3787034	0.3787034	0.3787034	0.3787034	0.3787034	0.3787034	0.3787034	0.3787034	0.3787034	0.3787034	0.3787034	0.3787034	0.3787034	0.3787034	0.3787034	0.3787034	0.3787034	0.3787034	0.3787034	0.3787034	0.3787034	0.3787034	0.3787034	0.3787034];
Ncut_dol_NMI=[0.8888360	0.8888360	0.8888360	0.8888360	0.8888360	0.8888360	0.8888360	0.8888360	0.8888360	0.8888360	0.8888360	0.8888360	0.8888360	0.8888360	0.8888360	0.8888360	0.8888360	0.8888360	0.8888360	0.8888360	0.8888360	0.8888360	0.8888360	0.8888360	0.8888360	0.8888360	0.8888360	0.8888360	0.8888360	0.8888360];
Ncut_dol_t=0.004917;
Ncut_dQmax=max(Ncut_dol_Q);
Ncut_dQavg=mean(Ncut_dol_Q);
Ncut_dnmimax=max(Ncut_dol_NMI);
Ncut_dnmiavg=mean(Ncut_dol_NMI);


%%%%% k=5
Ncut_dol_Q=[0.5068431	0.5068431	0.4996836	0.5068431	0.5068431	0.5068431	0.4996836	0.4996836	0.5068431	0.5068431	0.4996836	0.5068431	0.4996836	0.4996836	0.5068431	0.5068431	0.5068431	0.5068431	0.5068431	0.4996836	0.5068431	0.5068431	0.5068431	0.5068431	0.5068431	0.4996836	0.5068431	0.5068431	0.4996836	0.5068431];
Ncut_dol_NMI=[0.5222673	0.5222673	0.4761365	0.5222673	0.5222673	0.5222673	0.4761365	0.4761365	0.5222673	0.5222673	0.4761365	0.5222673	0.4761365	0.4761365	0.5222673	0.5222673	0.5222673	0.5222673	0.5222673	0.4761365	0.5222673	0.5222673	0.5222673	0.5222673	0.5222673	0.4761365	0.5222673	0.5222673	0.4761365	0.5222673];
Ncut_dol_t=0.008199;
Ncut_dQmax=max(Ncut_dol_Q);
Ncut_dQavg=mean(Ncut_dol_Q);
Ncut_dnmimax=max(Ncut_dol_NMI);
Ncut_dnmiavg=mean(Ncut_dol_NMI);

%%%%% k=12
Ncut_fot_Q=[0.6005166	0.6005166	0.6005166	0.6005166	0.6005166	0.6005166	0.6005166	0.6005166	0.6005166	0.6030633	0.6005166	0.6005166	0.6005166	0.6005166	0.6005166	0.6005166	0.6005166	0.6005166	0.6005166	0.6030633	0.6005166	0.6005166	0.6005166	0.6005166	0.6005166	0.6005166	0.6005166	0.6005166	0.6005166	0.6005166];
Ncut_fot_NMI=[0.9241952	0.9241952	0.9241952	0.9241952	0.9241952	0.9241952	0.9241952	0.9241952	0.9241952	0.9113703	0.9241952	0.9241952	0.9241952	0.9241952	0.9241952	0.9241952	0.9241952	0.9241952	0.9241952	0.9113703	0.9241952	0.9241952	0.9241952	0.9241952	0.9241952	0.9241952	0.9241952	0.9241952	0.9241952	0.9241952];
Ncut_fot_t=0.008831;
Ncut_fQmax=max(Ncut_fot_Q);
Ncut_fQavg=mean(Ncut_fot_Q);
Ncut_fnmimax=max(Ncut_fot_NMI);
Ncut_fnmiavg=mean(Ncut_fot_NMI);


%%%%% k=7
Ncut_SFI_Q=[0.7477875	0.7399875	0.7477875	0.7477875	0.7399875	0.7477875	0.7477875	0.7477875	0.7477875	0.7477875	0.7477875	0.7477875	0.7477875	0.7477875	0.7399875	0.7477875	0.7477875	0.7477875	0.7477875	0.7477875	0.7477875	0.7477875	0.7477875	0.7477875	0.7477875	0.7477875	0.7477875	0.7477875	0.7477875	0.7477875];
Ncut_SFI_t=0.009460;
Ncut_SFIQmax=max(Ncut_SFI_Q);
Ncut_SFIQavg=mean(Ncut_SFI_Q);


%%%%% k=4
Ncut_email_Q=[0.4695904	0.4695904	0.4695904	0.4695904	0.4841237	0.4695904	0.4695904	0.4841237	0.4695904	0.4841237	0.4841237	0.4697479	0.4695904	0.4695904	0.4841237	0.4695904	0.4695904	0.4841237	0.4695904	0.4841237	0.4841237	0.4695904	0.4695904	0.4695904	0.4841237	0.4841237	0.4695904	0.4841237	0.4695904	0.4695904];
Ncut_email_t=0.047031;
Ncut_eQmax=max(Ncut_email_Q);
Ncut_eQavg=mean(Ncut_email_Q);


%%%%% k=50
Ncut_netsci_Q=[0.924518498479231	0.926538964089419	0.929270004218891	0.928009590661196	0.921922391031053	0.926045119786172	0.928834814733239	0.925658875817244	0.928862546092578	0.929270004218891	0.925042135705702	0.928862546092578	0.921922391031053	0.923404189949038	0.925658875817244	0.928862546092578	0.926305674860253	0.925042135705702	0.923404189949038	0.928862546092578	0.926305674860253	0.926511033223898	0.929270004218891	0.928862546092578	0.924518498479231	0.928862546092578	0.929270004218891	0.926305674860253	0.927693572868436	0.929270004218891];
Ncut_netsci_t=0.393026;
Ncut_nQmax=max(Ncut_netsci_Q);
Ncut_nQavg=mean(Ncut_netsci_Q);



%%%%% k=500
Ncut_power_Q=[0.7398567	0.7398463	0.7391526	0.7396254	0.7369489	0.7384735	0.7393803	0.7396371	0.7415910	0.7428853	0.7400354	0.7393447	0.7382836	0.7387381	0.7411842	0.7407264	0.7406710	0.7428988	0.7389771	0.7393829	0.7400709	0.7368935	0.7404543	0.7405093	0.7398076	0.7404721	0.7384830	0.7408961	0.7385296	0.7402378];
Ncut_power_t=111.686105;
Ncut_pQmax=max(Ncut_power_Q);
Ncut_pQavg=mean(Ncut_power_Q);
%%%%% k=200
Ncut_power_Q=[0.840876612077665	0.842794151106835	0.841054805620544	0.841636512838636	0.843396781439868	0.839356860136562	0.841871030216994	0.843458013778615	0.842177960413764	0.842340833476746	0.844051198961420	0.842352683297767	0.842735521762246	0.842436053482060	0.841329359528081	0.842749503559433	0.841004679390201	0.842927449198107	0.841020049450939	0.840598141283681	0.842649052775384	0.841800377518440	0.842737430624628	0.841605177747068	0.842972542973078	0.840818602493589	0.841500760495731	0.840976938909611	0.841254715571820	0.841763291049305];
t=14.76496
%%%%% k=100
Ncut_power_Q=[0.886945443870249	0.885690825476877	0.886572372831464	0.886505042049263	0.886588734509024	0.886606310917190	0.887012229263198	0.887167144601185	0.886616921217184	0.886561638579368	0.885666828349790	0.886460097016815	0.887022021479313	0.887123860526913	0.886716405174832	0.886547904686386	0.886598898581448	0.885712938532004	0.886754879907518	0.886492498096468	0.886049691604690	0.887074329266664	0.886464658454195	0.886570538340344	0.886368149347013	0.886987042195924	0.887480173241409	0.885992673637436	0.887390134433988	0.886419341565439];
t=4.413795


%%%%% k=300
%%%%% out of memory
Ncut_pgp_Q=[0.849516667281842	0.850473598212990	0.850774499907872	0.850891050299206	0.851600387016473	0.850136850666206	0.851185474388447	0.851325467623594	0.849934411959644	0.850870557049190	0.850616355846681	0.851409146280396	0.851835080985698	0.850653332319828	0.850849856617269	0.851154533251001	0.851392813581261	0.851636716574696	0.850080210516298	0.850865255729376	0.851361919799679	0.850272240234889	0.851650706849857	0.850415145855654	0.851695132569493	0.851254723882707	0.850501834146722	0.850318658283362	0.850045355754972	0.851313440079854];
Ncut_pgp_t=105.770395;
Ncut_pgpQmax=max(Ncut_pgp_Q);
Ncut_pgpQavg=mean(Ncut_pgp_Q);
%%%%% k=200
Ncut_pgp_Q=[0.854618598613620	0.858680635769247	0.854656861305851	0.858586192109858	0.854153507374160	0.854375454159646	0.858162459452218	0.858537068012032	0.856331959977205	0.855004424593648	0.855626137741539	0.854778460170512	0.854763881329615	0.858634522996968	0.855665494692476	0.854520118712491	0.858656245808160	0.857951871308898	0.855642088211202	0.859016576575067	0.856946461503566	0.854822922252685	0.858033553408660	0.854737945537834	0.858619871430995	0.856949135418584	0.858148820117832	0.858679967713313	0.854620998541142	0.858462960313540];
Ncut_pgp_t=52.89606;
Ncut_pgpQmax=max(Ncut_pgp_Q);
Ncut_pgpQavg=mean(Ncut_pgp_Q);

%%%%% k=4
kmean_karate_Q=[-0.1080704	0.09335963	0.09335963	0.002876397	0.1185897	-0.07108810	-0.1080704	0.09335963	0.1429158	0.09335963	-0.07108810	0.09335963	0.09335963	0.06697896	0.002876397	-0.05119987	0.1429158	0.1429158	-0.07108810	0.1429158	-0.07108810	0.09335963	0.1054405	-0.07108810	-0.07108810	0.09919461	-0.1080704	0.1429158	0.1429158	-0.05119987];
kmean_karate_NMI=[0.5609977	0.6573776	0.6573776	0.7003140	0.6890200	0.4321534	0.5609977	0.6573776	0.7366424	0.6573776	0.4321534	0.6573776	0.6573776	0.6890200	0.7003140	0.4312298	0.7366424	0.7366424	0.4321534	0.7366424	0.4321534	0.6573776	0.6509480	0.4321534	0.4321534	0.5865424	0.5609977	0.7366424	0.7366424	0.4312298];
kmean_karate_t=0.026148;
kmean_kQmax=max(kmean_karate_Q);
kmean_kQavg=max(kmean_karate_Q);
kmean_knmimax=max(kmean_karate_NMI);
kmean_knmiavg=max(kmean_karate_NMI);


%%%%% k=5
kmean_dol_Q=[0.3800087	0.3850718	0.3850718	0.3946837	0.4589613	0.3850718	0.3850718	0.3850718	0.4610577	0.3850718	0.3850718	0.4589613	0.3850718	0.3850718	0.2231715	0.4796487	0.3850718	0.3800087	0.3850718	0.3850718	0.4796487	0.4589613	0.2030181	0.3850718	0.2476959	0.3850718	0.1833590	0.3800087	0.3850718	0.3946837];
kmean_dol_NMI=[0.3859883	0.4464259	0.4464259	0.4524837	0.4130488	0.4464259	0.4464259	0.4464259	0.4183651	0.4464259	0.4464259	0.4130488	0.4464259	0.4464259	0.3351940	0.4067008	0.4464259	0.3859883	0.4464259	0.4464259	0.4067008	0.4130488	0.3511038	0.4464259	0.4750854	0.4464259	0.4547614	0.3859883	0.4464259	0.4524837];
kmean_dol_t=0.045728;
kmean_dQmax=max(kmean_dol_Q);
kmean_dQavg=max(kmean_dol_Q);
kmean_dnmimax=max(kmean_dol_NMI);
kmean_dnmiavg=max(kmean_dol_NMI);


%%%%% k=12
kmean_fot_Q=[0.4563468	0.5475785	0.5320050	0.5053118	0.5043790	0.5242423	0.5301688	0.4486946	0.5129853	0.5039572	0.4670702	0.5783088	0.5783088	0.5084187	0.5399128	0.4208383	0.5239376	0.5030537	0.5723024	0.5186790	0.5475785	0.5174562	0.4343905	0.5109948	0.4487438	0.5245057	0.5783088	0.5729318	0.5165594	0.4623984];
kmean_fot_NMI=[0.8232716	0.8886625	0.8568297	0.8541871	0.8439134	0.8851190	0.8604020	0.7881382	0.8408677	0.8441863	0.8174787	0.8940526	0.8940526	0.8450519	0.8700912	0.7454765	0.8807040	0.8415553	0.8930359	0.8538000	0.8886625	0.8521199	0.7759283	0.8613431	0.8091488	0.8524664	0.8940526	0.8923476	0.8664188	0.8220717];
kmean_fot_t=0.054806;
kmean_fQmax=max(kmean_fot_Q);
kmean_fQavg=max(kmean_fot_Q);
kmean_fnmimax=max(kmean_fot_NMI);
kmean_fnmiavg=max(kmean_fot_NMI);


%%%%% k=7
kmean_SFI_Q=[0.2405625	0.2524000	0.2840000	0.3674875	0.2876000	0.2047500	0.1744625	0.2625000	0.2502125	0.1895000	0.3771625	0.2870125	0.3049375	0.2778125	0.2482125	0.3139875	0.2836625	0.4376250	0.2590000	0.2825625	0.2700125	0.2598000	0.2502125	0.3035125	0.2998375	0.2294625	0.2759375	0.2998375	0.2601625	0.3056625];
kmean_SFI_t=0.034491;
kmean_SFIQmax=max(kmean_SFI_Q);
kmean_SFIQavg=max(kmean_SFI_Q);


%%%%% k=4
kmean_email_Q=[0.3681403	0.3681403	0.3568452	0.3681403	0.3583436	0.3622331	0.3681403	0.3583436	0.3681403	0.3681403	0.3292343	0.3670883	0.3670883	0.3622331	0.3583436	0.3292343	0.3292343	0.3622331	0.3622331	0.3670883	0.3670883	0.3681403	0.3681403	0.3292343	0.3583436	0.3583436	0.3681403	0.3681403	0.3681403	0.3681403];
kmean_email_t=5.25796;
kmean_emaiQmax=max(kmean_email_Q);
kmean_emailQavg=max(kmean_email_Q);


%%%%% k=315
kmean_netsci_Q=[0.6509538	0.6367840	0.6349971	0.6261688	0.6347938	0.6494727	0.6288394	0.6381552	0.6387641	0.6357827	0.6404442	0.6382889	0.6327974	0.6274534	0.6342361	0.6265373	0.6278557	0.6379970	0.6326226	0.6370615	0.6274816	0.6313087	0.6332593	0.6336069	0.6342081	0.6436050	0.6364102	0.6429301	0.6486033	0.6345473];
kmean_netsci_t=56.1879;
kmean_netsciQmax=max(kmean_netsci_Q);
kmean_netsciQavg=max(kmean_netsci_Q);



kmean_power_Q=[];
kmean_power_t=[];
kmean_powerQmax=max(kmean_power_Q);
kmean_powerQavg=max(kmean_power_Q);



kmean_pgp_Q=[];
kmean_pgp_t=[];
kmean_pgpQmax=max(kmean_pgp_Q);
kmean_pgpQavg=max(kmean_pgp_Q);



